-56.6666
-60.9120
-54.3726
-54.3859
-64.8562
-51.3108
-46.2365
-50.0000
-56.2500
-55.1724
-45.9459
-50.8196
-35.8490
-52.8301
-37.5000
-30.7958
-31.2714
-32.0388
-20.5776
-24.2424
-14.3968
-25.3731
-29.8245
-25.4237
-25.9259
-29.4871
-14.2857
-14.8936
-32.3076
-22.7941
-34.7826
-33.9622
-24.9146
5.454545
-36.9369
-36.3636
-31.3725
-18.9189
8.303249
-33.9622
-26.0563
-40.3973
21.56862
-25.2669
-27.0833
-39.4904
-30.2325
-42.4920
-35.3846
-28.0821
57.48031
-16.0305
-38.2352
-32.2033
-25.9259
51.85185
-26.4214
-76.5395
-25.7812
-43.0379
-28.0575
-23.9543
-43.0199
-41.5204
-36.5079
-35.5932
-58.9552
-28.3018
-24.7311
-28.5714
-33.0855
-53.2163
-22.5352
-23.3576
-22.5092
-24.7311
-41.3793
-27.0833
-13.4199
59.99999
37.65182
-28.3154
-22.2614
-20.9621
-35.1535
23.18840
-22.5092
-16.6666
-60.5734
-20.9621
34.79623
-31.6546
-35.9756
-38.5665
-25.1700
-24.2424
-61.7834
13.33333
-39.1891
-27.5862
-46.4285
-30.7692
-27.8350
-16.9675
-64.2857
-21.9330
-31.3725
48.14814
-28.3276
-30.1587
-25.8064
-23.0769
18.90243
-39.2097
-23.5880
-44.2724
-27.6315
-36.1022
-26.6055
-62.8252
-59.7069
-13.2075
-73.5973
-3.11418
-17.5257
-1.36054
-38.9312
-48.8054
27.65957
-4.76190
-27.8688
-16.6666
-53.5714
-17.6029
-45.8598
-41.7177
-151.729
-22.5092
67.88321
-38.0804
-19.5804
-21.2328
-19.4139
-15.3846
-33.0708
-23.3576
-53.7366
-27.8688
-19.8717
-8.75912
-19.5804
-17.6029
-17.6470
-33.9622
-30.8176
19.04761
-10.2990
-6.97674
47.48201
17.46031
-5.10948
10.75949
1.167315
-31.8181
0.694444
11.84210
-31.7507
-14.3835
-21.5686
-26.7399
64.83516
7.638888
-69.2307
-35.8108
-52.8301
-2.72373
69.01408
-39.0681
35.71428
-32.2033
-87.2317
-34.4262
42.34875
-22.7941
-25.0000
-0.34364
253.3834
-9.40766
260.3896
-19.8717
-37.5000
31.67259
74.75728
96.36363
141.5094
63.76306
-35.1851
14.81481
40.84507
74.54545
53.28467
-23.0769
-4.02476
4.294478
6.761565
76.47058
-15.1291
-26.3803
96.61016
-38.4164
179.4117
182.2299
155.0607
-3.53697
173.7642
-43.7086
71.31474
136.7491
233.3333
43.93939
-12.4087
-48.0968
197.2972
153.0487
233.3333
270.1067
315.2823
196.4285
255.8718
240.5017
299.2673
112.0253
98.60627
340.5594
295.4983
288.0597
170.3583
202.9315
274.1496
300.0000
271.4285
247.6923
270.6070
293.6170
407.5757
488.6524
394.2528
207.6923
307.4074
488.4476
165.1006
217.3652
383.6363
311.9718
357.7464
247.3053
364.1638
425.6410
269.2810
272.9372
379.1666
280.6451
245.2768
355.8303
372.4137
20.43795
436.5853
253.9823
249.4423
199.6845
186.2068
192.8994
239.1003
92.98245
284.6153
58.94039
407.8124
245.8646
118.1818
309.7421
343.2989
73.16017
342.3076
421.4285
522.0735
143.9862
476.2081
453.4351
515.3846
243.9716
239.8692
404.6153
359.7701
458.6206
566.6666
329.5302
535.7142
561.4785
552.0270
528.8659
516.7883
445.4545
383.8709
452.3809
490.2777
504.2402
538.3763
488.0503
589.6551
408.6505
604.0816
491.6955
512.7946
281.4814
420.9003
319.8717
419.3548
388.1355
526.2975
549.4464
638.6363
522.1498
498.0707
638.2812
505.7347
577.9661
535.9999
584.0148
224.2320
547.6510
642.5373
532.9966
587.7192
620.5882
618.5185
510.7142
679.4676
641.0358
779.8449
501.1235
554.4117
691.9708
456.2130
620.7547
481.4696
492.0245
624.9070
627.8688
334.0836
486.6666
524.9999
803.2258
622.4199
191.4110
592.0415
662.0817
681.2499
508.5526
608.3333
558.7030
627.2727
480.5243
618.7499
640.4844
608.1850
283.3333
661.2456
543.3121
284.3416
157.4257
210.4575
608.4745
29.15129
401.6077
554.9295
195.4545
450.8771
327.5618
551.0067
668.9530
567.9999
354.8387
244.6828
819.3548
330.0699
296.1038
270.1067
643.5897
441.3793
547.0588
446.6237
365.6249
251.6129
446.5465
557.8073
218.9964
461.5615
250.8771
522.5806
828.2700
700.7662
649.1039
452.7950
519.0476
568.8311
809.0909
598.0519
524.5847
580.2507
664.5161
853.4883
707.9710
649.1039
631.1475
624.9999
269.8630
630.0613
670.2702
728.6852
185.7142
580.7817
571.0097
467.8571
636.8421
386.5771
602.7027
550.3267
651.7730
605.0847
659.9999
669.7841
741.5492
639.7260
653.3783
565.5290
649.9999
213.5888
594.9152
365.5172
522.5165
589.4197
599.6699
479.8816
601.8867
662.7118
132.6675
626.6666
343.7086
212.4999
567.8200
409.5785
623.8095
271.5170
67.91044
698.4189
603.4220
406.8965
812.6984
611.9741
657.4626
667.1232
499.3150
613.7681
502.6936
277.6978
629.9999
647.2527
566.6666
841.9087
287.3015
572.2972
715.2173
711.6438
856.3636
783.8951
364.0522
654.6468
759.0604
697.7941
641.2587
678.9855
836.3295
462.4999
706.8181
641.3793
184.8101
618.4466
743.0034
660.5633
558.3629
468.1063
793.0041
37.18411
543.3121
557.7946
578.8079
561.9718
550.6410
264.2611
666.8918
599.3006
598.6754
629.8245
468.3229
71.23287
362.2950
240.7643
521.0191
75.48746
608.4639
430.4878
763.3093
428.5714
574.1214
579.5252
709.7014
723.3215
737.6383
469.8113
409.3749
604.5454
521.6216
294.0397
755.0185
675.6410
644.5255
597.2789
611.6788
732.1917
257.1428
861.3899
680.9187
105.9098
532.7868
292.2261
445.4545
584.5637
722.3684
671.8120
670.0348
693.5943
649.2063
287.8326
670.5479
399.9999
565.5172
278.7375
471.4285
260.3896
169.2307
29.27756
187.0370
-25.0000
298.8095
418.6440
329.9065
328.5714
220.8722
381.6053
565.4804
530.8724
649.9999
106.4056
42.85714
765.0793
749.8168
371.0144
733.8870
437.1621
624.7386
817.2932
316.9741
726.7148
398.3277
7.266435
603.1802
458.6419
614.2857
497.4842
678.1690
527.5167
224.5901
725.7575
638.8316
348.1707
698.6111
59.85130
409.2936
518.5897
649.0774
461.5942
551.0067
32.91139
411.5511
517.6470
495.8188
579.4425
746.4419
602.7863
381.8481
755.1724
622.2222
580.7817
470.0636
638.9558
254.2435
591.2280
177.3109
421.2355
552.5974
524.5353
571.6981
619.4719
428.4280
530.4347
564.2335
435.2564
558.5365
579.9999
467.6567
579.1277
-57.0957
701.3468
365.0349
641.8032
294.1368
683.6879
514.5454
60.15625
197.1246
594.0789
276.6233
584.8874
321.0526
466.4556
531.3993
588.6792
192.5170
566.6666
786.3636
470.9342
612.7272
230.0653
627.2727
582.3104
13.72549
465.6565
613.3333
751.4492
821.3483
598.1132
363.8554
500.7604
454.7945
393.1506
122.6802
425.5474
707.0175
685.9531
844.8275
617.9487
159.0859
44.32989
813.8755
421.2121
382.6388
251.4492
-38.8489
392.5373
230.0330
416.8918
458.7188
415.9999
201.4925
208.2191
41.86851
18.01242
145.1790
455.1601
446.3917
54.71698
202.7210
90.63545
462.9370
379.8534
502.0761
490.6040
11.11111
234.3750
399.9999
36.02941
596.8641
408.5910
441.2844
323.5294
436.5853
458.9225
490.5797
373.4848
442.7509
25.00000
302.5559
564.3835
271.5415
150.9505
510.9090
238.6272
415.8227
520.4379
151.8796
527.0096
348.1605
442.7509
539.1752
599.6466
466.0377
520.4620
204.9645
662.4999
467.1641
852.7272
315.6249
516.4383
413.2075
628.8732
473.2899
616.3636
84.02777
306.5281
353.4161
655.5555
202.7522
689.4736
644.7552
789.2733
621.6494
474.1935
525.8278
171.1864
121.1838
470.3124
491.3621
297.9591
215.9851
140.2402
244.4816
187.1287
233.3333
299.3399
295.9044
523.6559
323.0769
625.7525
205.3892
182.0512
489.8305
300.6410
513.0952
375.5700
256.3636
688.7788
459.6026
175.0809
584.7457
360.7142
214.0243
-60.9488
752.3985
238.6075
619.5945
600.9966
294.1605
227.7027
781.2949
374.4027
443.5540
1.542570
418.6440
320.8633
177.1929
385.8299
191.8032
259.4306
775.9398
224.6268
415.5038
477.3195
674.1935
52.59740
445.7627
617.4721
-3.70370
311.3475
381.8840
316.4037
22.51655
175.0000
112.2302
143.8162
206.8181
-70.5882
20.14134
184.8297
275.4266
192.6829
251.3513
305.5944
-43.6619
-9.09090
446.3917
262.2291
-38.8379
295.4983
190.0763
540.2877
90.29850
23.59550
74.37722
-26.4214
227.0676
246.0317
139.4366
-11.1969
467.1641
-41.5807
-51.1278
300.6309
-46.8750
-18.5185
442.0168
316.6666
-20.4152
279.7909
226.1538
492.8338
-18.4952
8.303249
21.95121
100.0000
224.5033
299.9999
269.4267
259.4306
213.3333
287.6221
190.6250
16.41791
43.31210
-21.9858
106.5868
-45.5180
9.324758
237.9310
284.0304
538.3763
346.0431
486.3309
-40.9722
-26.4214
210.2310
-33.3333
221.2851
109.1503
449.8154
-43.1438
451.7241
132.0261
165.9932
213.7931
683.2699
155.1020
192.2077
4.316546
-58.0645
331.3725
137.5366
7.843137
-48.4536
33.33333
112.4183
338.8489
196.1672
216.4062
257.6923
884.7908
257.6158
252.9411
631.3432
166.1342
41.73228
61.90476
416.8918
490.3614
281.6568
603.8327
409.0252
78.98832
527.6595
453.5055
73.91304
201.6393
291.6083
189.0365
314.9253
218.3391
604.7619
222.6837
327.5362
553.7102
436.8098
-27.2151
206.8181
126.9503
229.4460
164.8083
363.8157
20.00000
428.5714
369.2307
452.2388
179.3103
120.1257
411.8644
401.6949
275.3846
236.5695
102.1276
237.9790
435.1170
-35.1535
-38.2352
38.88888
513.4751
-54.8611
284.0579
332.7272
251.9163
203.1358
59.16955
2.310231
-28.5714
506.4981
439.4736
326.3322
165.4320
155.8139
132.9192
446.5838
277.8501
176.7295
381.7813
64.12213
401.6949
32.14285
164.2857
18.46689
176.6666
284.3537
186.1445
290.1515
38.98305
403.1249
-12.0000
3.585657
-11.2627
55.76323
125.2559
210.1045
143.5064
285.3503
637.2262
371.9101
63.61661
301.9292
42.33576
8.286245
173.3118
209.5238
205.3892
319.7080
416.6666
385.0746
639.9267
622.0216
304.9844
409.8039
396.3768
343.3656
536.9863
624.9999
18.85245
606.0810
222.7848
404.6153
727.4647
292.5233
-31.6999
568.9419
549.1228
-22.2972
223.2628
561.6541
311.1111
259.4771
153.6228
717.5438
97.84102
591.0299
133.3974
-14.1630
179.7202
398.3713
507.5085
629.3729
370.3832
42.85714
43.76996
694.0074
150.0000
562.3794
441.8060
218.4931
436.6666
457.4324
585.1211
733.3333
191.2280
463.3802
351.0489
810.1562
20.87912
374.2647
-60.9609
203.7542
633.5766
734.4827
131.0231
283.3333
403.2258
43.83561
80.32786
432.5670
214.1891
728.2442
401.8450
294.2307
370.1754
248.8372
266.7820
273.7024
455.9566
556.0283
253.7414
213.3802
285.4961
445.7516
220.2614
184.0909
336.5671
556.2499
404.5592
52.61044
406.8027
250.6944
304.5307
64.75095
664.0449
471.4285
420.7667
204.0293
191.9463
134.0425
162.7986
389.1304
70.96774
414.0186
506.0606
322.9607
37.40458
378.4172
431.1475
513.6363
537.8205
374.7774
623.5494
527.7372
666.6666
404.8543
703.9867
832.2709
303.9087
621.8045
-56.9892
583.6363
716.0535
842.4460
769.5652
-68.6274
699.1803
-17.7631
411.1940
693.4782
565.3225
659.5818
709.6885
197.1753
720.7171
457.0934
-36.3957
74.41860
814.5907
341.6961
-67.2619
-19.6141
490.1060
228.9902
319.4630
-11.3924
-20.1388
-20.9726
702.9739
645.7044
-36.1702
735.0515
-33.9080
-39.1634
817.2932
525.4295
99.99999
43.34470
34.96932
635.8490
-44.4444
528.0701
290.1639
574.2424
-56.0810
-29.8245
57.69230
88.15331
11.11111
87.29096
23.71134
78.68338
495.2380
237.6205
389.3617
4.693140
12.58278
95.80419
-49.2753
98.65319
6.312292
662.0817
456.3139
35.31353
54.10958
60.13071
12.14953
-22.0338
209.2783
206.3973
22.86689
468.0933
18.77394
-14.6005
200.0000
777.8625
219.4444
34.75177
284.1059
5.882352
72.54901
33.33333
119.6969
177.5665
137.9032
45.76271
123.3333
99.24812
199.3197
257.4144
5.960264
70.90909
226.5306
67.83216
21.79487
83.45323
124.8995
139.3442
480.5369
229.6296
279.8449
334.3065
226.5306
-5.95611
62.06896
36.88212
479.9999
474.1444
147.3118
65.16516
526.5432
56.71641
-31.9999
31.38686
304.4585
37.32394
28.30188
11.11111
570.0336
364.2857
242.9487
398.4227
782.5396
312.1405
590.7216
811.6607
634.2657
646.2686
904.8999
781.8897
581.2499
527.7602
834.0277
110.0313
620.5387
703.8461
20.75471
384.0989
622.0338
87.96992
53.06122
180.4428
195.7317
273.5849
355.1712
322.0779
159.2592
374.9999
579.7385
301.6064
475.3846
601.6393
222.4755
760.4651
54.60526
334.7826
626.0273
340.2730
97.08029
103.1620
66.66666
91.41914
719.1489
113.3757
480.2919
892.5925
633.6065
253.6774
585.1211
732.1678
188.8086
735.0877
481.8815
-50.1557
-40.0000
631.8840
827.7978
283.0508
438.7205
-45.3924
39.86013
663.9751
546.0481
310.8761
130.2158
221.3213
663.9344
0.286532
39.15857
747.4576
536.9863
236.3095
198.5074
30.43478
22.60536
513.2404
269.5652
483.6431
16.10486
213.7254
460.7142
43.35664
258.8850
387.8048
610.6227
660.2739
46.95340
328.1249
192.0962
281.1188
202.7522
205.4662
405.3003
229.0734
329.4294
71.71717
392.5925
413.7931
492.7152
163.1578
438.9830
31.67259
68.45878
12.84046
712.2866
-29.3286
419.2982
733.3333
511.5107
46.26865
627.2727
533.7579
301.4084
653.3783
22.80701
571.5328
726.5306
68.31683
239.1608
362.2356
379.4520
728.5714
837.9562
192.6551
556.5656
429.4117
290.9774
435.0553
611.9741
426.4900
801.9607
567.7419
391.4675
798.8326
738.8278
56.14617
640.4844
472.9166
536.9863
279.6610
513.2075
254.0372
700.6430
36.18677
707.0175
242.6573
547.3988
633.0960
615.1702
813.0434
846.7680
888.4169
671.5231
662.8865
499.9999
547.0588
465.5737
332.2344
761.4864
327.6094
902.3999
403.5460
547.2602
2.484472
871.4285
474.7508
58.67158
499.9999
351.5050
281.7567
296.3636
-38.8379
461.4617
497.4025
15.94202
338.5382
-44.4460
530.2816
162.9969
214.1762
-36.2416
322.9390
13.84615
275.9124
447.4452
480.6451
570.4545
222.7848
286.1671
605.4545
394.6619
331.7343
419.4805
489.5522
243.1734
226.2411
282.0598
153.2894
367.7966
445.4545
283.5616
291.0034
10.71428
515.9169
358.8235
-6.25000
299.2094
424.6913
273.0886
398.4126
231.1688
366.6666
603.2967
280.8049
550.1766
618.3098
552.6717
392.8057
317.5438
269.4267
428.8753
325.9259
482.4915
355.2238
386.6666
566.6666
398.3388
718.5328
493.4065
213.4796
487.0307
447.0383
-16.9230
612.1771
126.2996
283.2116
453.0546
317.2661
527.1777
601.0676
722.9166
582.7586
489.7435
484.7953
645.5830
623.0215
212.2923
566.6666
485.8895
699.2831
828.5714
586.8686
293.1034
578.3216
-29.5774
572.0257
398.3050
307.9754
530.8243
15.53784
509.3749
547.0588
491.0652
271.9512
649.1289
-35.8108
501.3745
160.5042
817.2185
309.7421
353.2163
464.1791
602.7027
665.9574
838.9312
680.3921
313.3333
220.8722
744.9367
309.7744
249.9999
577.7408
665.1245
892.7007
432.4232
437.4592
634.2657
482.2368

